1210
1189
1229
1339
1350
1312
1313
1292
1341
1318
1319
1336
1350
1320
1373
1462
1389
1291
1310
1307
1296
1332
1298
1408
1310
1322
1338
1384
1348
1340
1336
1334
1313
1285
1311
1340
1338
1319
1411
1342
1335
1323
1296
1306
1299
1345
1407
1381
1411
1554
1435
1415
1407
1348
1321
1304
1307
1293
1314
1271
1327
1330
1328
1317
1329
1303
1364
1285
1305
1336
1320
1328
1305
1299
1340
1311
1308
1325
1329
1324
1320
1332
1347
1313
1322
1291
1343
1326
1366
1332
1323
1299
1327
1254
1321
1319
1320
1304
1308
1330
